O 500.162
-8000000
-7972656
-7945312
-7917969
-7890625
-7863281
-7835938
-7808594
-7781250
-7753906
-7726562
-7699219
-7671875
-7644531
-7617188
-7589844
-7562500
-7535156
-7507812
-7480469
-7453125
-7425781
-7398438
-7371094
-7343750
-7316406
-7289062
-7261719
-7234375
-7207031
-7179688
-7152344
-7125000
-7097656
-7070312
-7042969
-7015625
-6988281
-6960938
-6933594
-6906250
-6878906
-6851562
-6824219
-6796875
-6769531
-6742188
-6714844
-6687500
-6660156
-6632812
-6605469
-6578125
-6550781
-6523438
-6496094
-6468750
-6441406
-6414062
-6386719
-6359375
-6332031
-6304688
-6277344
-6250000
-6222656
-6195312
-6167969
-6140625
-6113281
-6085938
-6058594
-6031250
-6003906
-5976562
-5949219
-5921875
-5894531
-5867188
-5839844
-5812500
-5785156
-5757812
-5730469
-5703125
-5675781
-5648438
-5621094
-5593750
-5566406
-5539062
-5511719
-5484375
-5457031
-5429688
-5402344
-5375000
-5347656
-5320312
-5292969
-5265625
-5238281
-5210938
-5183594
-5156250
-5128906
-5101562
-5074219
-5046875
-5019531
-4992188
-4964844
-4937500
-4910156
-4882812
-4855469
-4828125
-4800781
-4773438
-4746094
-4718750
-4691406
-4664062
-4636719
-4609375
-4582031
-4554688
-4527344
-4500000
-4472656
-4445312
-4417969
-4390625
-4363281
-4335938
-4308594
-4281250
-4253906
-4226562
-4199219
-4171875
-4144531
-4117188
-4089844
-4062500
-4035156
-4007812
-3980469
-3953125
-3925781
-3898438
-3871094
-3843750
-3816406
-3789062
-3761719
-3734375
-3707031
-3679688
-3652344
-3625000
-3597656
-3570312
-3542969
-3515625
-3488281
-3460938
-3433594
-3406250
-3378906
-3351562
-3324219
-3296875
-3269531
-3242188
-3214844
-3187500
-3160156
-3132812
-3105469
-3078125
-3050781
-3023438
-2996094
-2968750
-2941406
-2914062
-2886719
-2859375
-2832031
-2804688
-2777344
-2750000
-2722656
-2695312
-2667969
-2640625
-2613281
-2585938
-2558594
-2531250
-2503906
-2476562
-2449219
-2421875
-2394531
-2367188
-2339844
-2312500
-2285156
-2257812
-2230469
-2203125
-2175781
-2148438
-2121094
-2093750
-2066406
-2039062
-2011719
-1984375
-1957031
-1929688
-1902344
-1875000
-1847656
-1820312
-1792969
-1765625
-1738281
-1710938
-1683594
-1656250
-1628906
-1601562
-1574219
-1546875
-1519531
-1492188
-1464844
-1437500
-1410156
-1382812
-1355469
-1328125
-1300781
-1273438
-1246094
-1218750
-1191406
-1164062
-1136719
-1109375
-1082031
-1054688
-1027344
-1000000
 -996086
 -992172
 -988258
 -984344
 -980431
 -976517
 -972603
 -968689
 -964775
 -960861
 -956947
 -953033
 -949119
 -945205
 -941292
 -937378
 -933464
 -929550
 -925636
 -921722
 -917808
 -913894
 -909980
 -906067
 -902153
 -898239
 -894325
 -890411
 -886497
 -882583
 -878669
 -874755
 -870841
 -866928
 -863014
 -859100
 -855186
 -851272
 -847358
 -843444
 -839530
 -835616
 -831703
 -827789
 -823875
 -819961
 -816047
 -812133
 -808219
 -804305
 -800391
 -796477
 -792564
 -788650
 -784736
 -780822
 -776908
 -772994
 -769080
 -765166
 -761252
 -757339
 -753425
 -749511
 -745597
 -741683
 -737769
 -733855
 -729941
 -726027
 -722114
 -718200
 -714286
 -710372
 -706458
 -702544
 -698630
 -694716
 -690802
 -686888
 -682975
 -679061
 -675147
 -671233
 -667319
 -663405
 -659491
 -655577
 -651663
 -647750
 -643836
 -639922
 -636008
 -632094
 -628180
 -624266
 -620352
 -616438
 -612524
 -608611
 -604697
 -600783
 -596869
 -592955
 -589041
 -585127
 -581213
 -577299
 -573386
 -569472
 -565558
 -561644
 -557730
 -553816
 -549902
 -545988
 -542074
 -538160
 -534247
 -530333
 -526419
 -522505
 -518591
 -514677
 -510763
 -506849
 -502935
 -499022
 -495108
 -491194
 -487280
 -483366
 -479452
 -475538
 -471624
 -467710
 -463796
 -459883
 -455969
 -452055
 -448141
 -444227
 -440313
 -436399
 -432485
 -428571
 -424658
 -420744
 -416830
 -412916
 -409002
 -405088
 -401174
 -397260
 -393346
 -389432
 -385519
 -381605
 -377691
 -373777
 -369863
 -365949
 -362035
 -358121
 -354207
 -350294
 -346380
 -342466
 -338552
 -334638
 -330724
 -326810
 -322896
 -318982
 -315068
 -311155
 -307241
 -303327
 -299413
 -295499
 -291585
 -287671
 -283757
 -279843
 -275930
 -272016
 -268102
 -264188
 -260274
 -256360
 -252446
 -248532
 -244618
 -240705
 -236791
 -232877
 -228963
 -225049
 -221135
 -217221
 -213307
 -209393
 -205479
 -201566
 -197652
 -193738
 -189824
 -185910
 -181996
 -178082
 -174168
 -170254
 -166341
 -162427
 -158513
 -154599
 -150685
 -146771
 -142857
 -138943
 -135029
 -131115
 -127202
 -123288
 -119374
 -115460
 -111546
 -107632
 -103718
  -99804
  -95890
  -91977
  -88063
  -84149
  -80235
  -76321
  -72407
  -68493
  -64579
  -60665
  -56751
  -52838
  -48924
  -45010
  -41096
  -37182
  -33268
  -29354
  -25440
  -21526
  -17613
  -13699
   -9785
   -5871
   -1957
    1957
    5871
    9785
   13699
   17613
   21526
   25440
   29354
   33268
   37182
   41096
   45010
   48924
   52838
   56751
   60665
   64579
   68493
   72407
   76321
   80235
   84149
   88063
   91977
   95890
   99804
  103718
  107632
  111546
  115460
  119374
  123288
  127202
  131115
  135029
  138943
  142857
  146771
  150685
  154599
  158513
  162427
  166341
  170254
  174168
  178082
  181996
  185910
  189824
  193738
  197652
  201566
  205479
  209393
  213307
  217221
  221135
  225049
  228963
  232877
  236791
  240705
  244618
  248532
  252446
  256360
  260274
  264188
  268102
  272016
  275930
  279843
  283757
  287671
  291585
  295499
  299413
  303327
  307241
  311155
  315068
  318982
  322896
  326810
  330724
  334638
  338552
  342466
  346380
  350294
  354207
  358121
  362035
  365949
  369863
  373777
  377691
  381605
  385519
  389432
  393346
  397260
  401174
  405088
  409002
  412916
  416830
  420744
  424658
  428571
  432485
  436399
  440313
  444227
  448141
  452055
  455969
  459883
  463796
  467710
  471624
  475538
  479452
  483366
  487280
  491194
  495108
  499022
  502935
  506849
  510763
  514677
  518591
  522505
  526419
  530333
  534247
  538160
  542074
  545988
  549902
  553816
  557730
  561644
  565558
  569472
  573386
  577299
  581213
  585127
  589041
  592955
  596869
  600783
  604697
  608611
  612524
  616438
  620352
  624266
  628180
  632094
  636008
  639922
  643836
  647750
  651663
  655577
  659491
  663405
  667319
  671233
  675147
  679061
  682975
  686888
  690802
  694716
  698630
  702544
  706458
  710372
  714286
  718200
  722114
  726027
  729941
  733855
  737769
  741683
  745597
  749511
  753425
  757339
  761252
  765166
  769080
  772994
  776908
  780822
  784736
  788650
  792564
  796477
  800391
  804305
  808219
  812133
  816047
  819961
  823875
  827789
  831703
  835616
  839530
  843444
  847358
  851272
  855186
  859100
  863014
  866928
  870841
  874755
  878669
  882583
  886497
  890411
  894325
  898239
  902153
  906067
  909980
  913894
  917808
  921722
  925636
  929550
  933464
  937378
  941292
  945205
  949119
  953033
  956947
  960861
  964775
  968689
  972603
  976517
  980431
  984344
  988258
  992172
  996086
 1000000
 1027344
 1054687
 1082031
 1109375
 1136719
 1164062
 1191406
 1218750
 1246094
 1273437
 1300781
 1328125
 1355469
 1382812
 1410156
 1437500
 1464844
 1492187
 1519531
 1546875
 1574219
 1601562
 1628906
 1656250
 1683594
 1710937
 1738281
 1765625
 1792969
 1820312
 1847656
 1875000
 1902344
 1929687
 1957031
 1984375
 2011719
 2039062
 2066406
 2093750
 2121094
 2148437
 2175781
 2203125
 2230469
 2257812
 2285156
 2312500
 2339844
 2367187
 2394531
 2421875
 2449219
 2476562
 2503906
 2531250
 2558594
 2585937
 2613281
 2640625
 2667969
 2695312
 2722656
 2750000
 2777344
 2804687
 2832031
 2859375
 2886719
 2914062
 2941406
 2968750
 2996094
 3023437
 3050781
 3078125
 3105469
 3132812
 3160156
 3187500
 3214844
 3242187
 3269531
 3296875
 3324219
 3351562
 3378906
 3406250
 3433594
 3460937
 3488281
 3515625
 3542969
 3570312
 3597656
 3625000
 3652344
 3679687
 3707031
 3734375
 3761719
 3789062
 3816406
 3843750
 3871094
 3898437
 3925781
 3953125
 3980469
 4007812
 4035156
 4062500
 4089844
 4117187
 4144531
 4171875
 4199219
 4226562
 4253906
 4281250
 4308594
 4335937
 4363281
 4390625
 4417969
 4445312
 4472656
 4500000
 4527344
 4554687
 4582031
 4609375
 4636719
 4664062
 4691406
 4718750
 4746094
 4773437
 4800781
 4828125
 4855469
 4882812
 4910156
 4937500
 4964844
 4992187
 5019531
 5046875
 5074219
 5101562
 5128906
 5156250
 5183594
 5210937
 5238281
 5265625
 5292969
 5320312
 5347656
 5375000
 5402344
 5429687
 5457031
 5484375
 5511719
 5539062
 5566406
 5593750
 5621094
 5648437
 5675781
 5703125
 5730469
 5757812
 5785156
 5812500
 5839844
 5867187
 5894531
 5921875
 5949219
 5976562
 6003906
 6031250
 6058594
 6085937
 6113281
 6140625
 6167969
 6195312
 6222656
 6250000
 6277344
 6304687
 6332031
 6359375
 6386719
 6414062
 6441406
 6468750
 6496094
 6523437
 6550781
 6578125
 6605469
 6632812
 6660156
 6687500
 6714844
 6742187
 6769531
 6796875
 6824219
 6851562
 6878906
 6906250
 6933594
 6960937
 6988281
 7015625
 7042969
 7070312
 7097656
 7125000
 7152344
 7179687
 7207031
 7234375
 7261719
 7289062
 7316406
 7343750
 7371094
 7398437
 7425781
 7453125
 7480469
 7507812
 7535156
 7562500
 7589844
 7617187
 7644531
 7671875
 7699219
 7726562
 7753906
 7781250
 7808594
 7835937
 7863281
 7890625
 7917969
 7945312
 7972656
 8000000
