P 0
193.880150   193.579061
192.080306   191.812671
191.223874   190.956239
184.472784   184.131549
183.776933   183.509298
181.100584   180.786113
180.290989   180.103644
180.096954   179.916300
179.648665   179.381030
179.374339   179.153541
179.059868   178.772161
178.016092   177.708312
176.778281   176.503955
176.490574   176.222939
175.687669   175.413343
173.600117   173.379318
173.372627   173.151828
173.078229   172.777139
169.103851   168.836216
168.013239   167.732222
166.728591   166.460956
164.012097   163.737771
163.363082   163.115520
159.000634   158.739690
157.555405   157.281080
156.879627   156.585229
156.451412   156.197158
155.467853   155.213600
151.005042   150.697262
149.827448   149.559813
149.553122   149.265415
144.053226   143.758827
141.838547   141.584294
141.196223   140.908516
140.373246   140.098920
128.690983   128.436730
124.776823   124.515879
112.913907   112.632890
95.450731   95.183096
91.884496   91.563334
85.166860   84.879153
81.634080   81.366445
79.907835   79.606745
74.688954   74.414629
74.146994   73.865977
73.765614   73.477907
72.193259   72.012606
72.005915   71.811879
70.921993   70.513850
68.754151   68.459753
68.024846   67.743829
66.445800   66.171474
66.164783   65.943985
65.121007   64.806536
64.144140   63.809596
62.551712   62.277387
61.882625   61.601609
60.698341   60.330343
60.109544   59.828528
59.574274   59.386930
59.380239   59.146059
59.139368   58.824897
58.577334   58.269554
58.269554   57.921629
55.854150   55.686878
55.680187   55.519606
51.076867   50.795850
50.688796   50.474688
50.467997   50.267271
50.153526   49.865819
49.190041   48.922406
48.480808   48.166337
46.527074   46.279512
45.081845   44.820901
44.814211   44.593412
42.525932   42.298443
42.291752   42.218152
42.211461   41.983972
41.977281   41.729719
41.167685   40.879978
39.662239   39.347768
38.303992   38.016284
37.481015   37.266907
37.260216   37.012654
32.630132   32.342425
28.976916   28.675827
27.223908   26.942891
26.688638   26.287186
19.114571   18.793409
17.970432   17.696106
12.370172   12.089155
0.112494   -0.128377
-1.098554   -1.372880
-1.379570   -1.633824
-5.119768   -5.414166
-5.849073   -6.170235
-8.518731   -8.752912
-8.759602   -8.953638
-13.115360   -13.429831
