DU=C:/Bruker/XWIN-NMR, USER=cui, NAME=expnmr_00349, EXPNO=1, PROCNO=1
F1=4.117ppm, F2=0.117ppm, MI=0.50cm, MAXI=36.00cm, PC=4.000
     #     ADDRESS            FREQUENCY         INTENSITY
                           [Hz]        [PPM]
     1     42258.6     1382.420       2.7657         2.00
     2     42326.9     1375.119       2.7511         5.62
     3     42395.2     1367.819       2.7365         5.66
     4     42463.4     1360.526       2.7219         2.29
     5     46562.9      922.483       1.8456         1.56
     6     46887.9      887.753       1.7761         0.87
     7     46958.5      880.215       1.7610         0.88
     8     48659.3      698.474       1.3974         0.54
     9     48727.4      691.200       1.3828         0.73
    10     49838.9      572.431       1.1452         0.55
    11     49899.8      565.922       1.1322         0.54
    12     50200.9      533.741       1.0678         6.32
    13     50269.2      526.446       1.0532        12.50
    14     50337.5      519.153       1.0386         7.15
    15     50386.0      513.964       1.0283         0.95
    16     51221.4      424.697       0.8497         0.86
    17     51291.8      417.174       0.8346         1.73
    18     51362.9      409.583       0.8194         1.04
    19     51447.2      400.574       0.8014         0.84
