##TITLE= Parameter file, TOPSPIN		Version 3.2
##JCAMPDX= 5.0
##DATATYPE= Parameter Values
##NPOINTS= 16	$$ modification sequence number
##ORIGIN= Bruker BioSpin GmbH
##OWNER= mica
$$ 2013-12-10 09:55:06.210 +0100  BORDEAUX-AQUITA\vzhendre@BAVO-mdebf064
$$ D:/Data/VZ/nmr/VZBBI_13R03_GABA/11/pdata/1/clevels
$$ process C:\Bruker\TopSpin3.2\prog\mod\dataserver.exe
##$LEVELS= (0..255)
-123134159.8 -102611799.8 -85509833.2 -71258194.3 -59381828.6 -49484857.2
-41237381 -34364484.1 -28637070.1 -23864225.1 -19886854.2 -16572378.5 -13810315.4
-11508596.2 -9590496.8 -7992080.7 7992080.7 9590496.8 11508596.2 13810315.4
16572378.5 19886854.2 23864225.1 28637070.1 34364484.1 41237381 49484857.2
59381828.6 71258194.3 85509833.2 102611799.8 123134159.8 0 0 0 0 0 0 0
0 0 0 0 0 0 0 0 0 0 0 0 0 0 0 0 0 0 0 0 0 0 0 0 0 0 0 0 0 0 0 0 0 0 0 0
0 0 0 0 0 0 0 0 0 0 0 0 0 0 0 0 0 0 0 0 0 0 0 0 0 0 0 0 0 0 0 0 0 0 0 0
0 0 0 0 0 0 0 0 0 0 0 0 0 0 0 0 0 0 0 0 0 0 0 0 0 0 0 0 0 0 0 0 0 0 0 0
0 0 0 0 0 0 0 0 0 0 0 0 0 0 0 0 0 0 0 0 0 0 0 0 0 0 0 0 0 0 0 0 0 0 0 0
0 0 0 0 0 0 0 0 0 0 0 0 0 0 0 0 0 0 0 0 0 0 0 0 0 0 0 0 0 0 0 0 0 0 0 0
0 0 0 0 0 0 0 0 0 0 0 0 0 0 0 0 0 0 0 0 0 0 0 0 0 0 0 0 0 0 0 0 0 0 0 0
0
##$LEVSIGN= 3
##$MAXLEV= 16
##$METHOD= 0
##$NEGBASE= -7992080.7
##$NEGINCR= 1.2
##$POSBASE= 7992080.7
##$POSINCR= 1.2
##END=
