##TITLE= Parameter file, TOPSPIN		Version 3.2
##JCAMPDX= 5.0
##DATATYPE= Parameter Values
##NPOINTS= 32	$$ modification sequence number
##ORIGIN= Bruker BioSpin GmbH
##OWNER= mica
$$ 2013-12-10 09:56:31.297 +0100  BORDEAUX-AQUITA\vzhendre@BAVO-mdebf064
$$ D:/Data/VZ/nmr/VZBBI_13R03_GABA/12/pdata/1/clevels
$$ process C:\Bruker\TopSpin3.2\prog\mod\dataserver.exe
##$LEVELS= (0..255)
-112629710.7 -93858091.6 -78215076.7 -65179230.9 -54316025.6 -45263354.8
-37719462.5 -31432885.6 -26194070.5 -21828392.3 -18190327 -15158606.2 -12632171.8
-10526810 -8772341.4 -7310284.5 7310284.5 8772341.4 10526810 12632171.8
15158606.2 18190327 21828392.3 26194070.5 31432885.6 37719462.5 45263354.8
54316025.6 65179230.9 78215076.7 93858091.6 112629710.7 0 0 0 0 0 0 0 0
0 0 0 0 0 0 0 0 0 0 0 0 0 0 0 0 0 0 0 0 0 0 0 0 0 0 0 0 0 0 0 0 0 0 0 0
0 0 0 0 0 0 0 0 0 0 0 0 0 0 0 0 0 0 0 0 0 0 0 0 0 0 0 0 0 0 0 0 0 0 0 0
0 0 0 0 0 0 0 0 0 0 0 0 0 0 0 0 0 0 0 0 0 0 0 0 0 0 0 0 0 0 0 0 0 0 0 0
0 0 0 0 0 0 0 0 0 0 0 0 0 0 0 0 0 0 0 0 0 0 0 0 0 0 0 0 0 0 0 0 0 0 0 0
0 0 0 0 0 0 0 0 0 0 0 0 0 0 0 0 0 0 0 0 0 0 0 0 0 0 0 0 0 0 0 0 0 0 0 0
0 0 0 0 0 0 0 0 0 0 0 0 0 0 0 0 0 0 0 0 0 0 0 0 0 0 0 0 0 0 0 0 0 0 0 0
##$LEVSIGN= 3
##$MAXLEV= 16
##$METHOD= 0
##$NEGBASE= -7310284.5
##$NEGINCR= 1.2
##$POSBASE= 7310284.5
##$POSINCR= 1.2
##END=
