##TITLE= Parameter file, TOPSPIN		Version 3.2
##JCAMPDX= 5.0
##DATATYPE= Parameter Values
##NPOINTS= 24	$$ modification sequence number
##ORIGIN= Bruker BioSpin GmbH
##OWNER= mica
$$ 2014-02-04 09:48:01.387 +0100  BORDEAUX-AQUITA\vzhendre@BAVO-mdebf064
$$ D:/Data/VZ/nmr/VZBBI_13R03_GABA/9/pdata/1/clevels
$$ process C:\Bruker\TopSpin3.2\prog\mod\dataserver.exe
##$LEVELS= (0..255)
-13477370.8 -11231142.4 -9359285.2 -7799404.4 -6499503.7 -5416253 -4513544.3
-3761286.8 -3134405.7 -2612004.7 -2176670.6 -1813892.3 -1511576.9 -1259647.4
-1049706.1 -874755.1 874755.1 1049706.1 1259647.4 1511576.9 1813892.3 2176670.6
2612004.7 3134405.7 3761286.8 4513544.3 5416253 6499503.7 7799404.4 9359285.2
11231142.4 13477370.8 0 0 0 0 0 0 0 0 0 0 0 0 0 0 0 0 0 0 0 0 0 0 0 0 0
0 0 0 0 0 0 0 0 0 0 0 0 0 0 0 0 0 0 0 0 0 0 0 0 0 0 0 0 0 0 0 0 0 0 0 0
0 0 0 0 0 0 0 0 0 0 0 0 0 0 0 0 0 0 0 0 0 0 0 0 0 0 0 0 0 0 0 0 0 0 0 0
0 0 0 0 0 0 0 0 0 0 0 0 0 0 0 0 0 0 0 0 0 0 0 0 0 0 0 0 0 0 0 0 0 0 0 0
0 0 0 0 0 0 0 0 0 0 0 0 0 0 0 0 0 0 0 0 0 0 0 0 0 0 0 0 0 0 0 0 0 0 0 0
0 0 0 0 0 0 0 0 0 0 0 0 0 0 0 0 0 0 0 0 0 0 0 0 0 0 0 0 0 0 0 0 0 0 0 0
0 0 0 0 0 0 0 0 0 0 0 0 0 0 0 0 0 0 0
##$LEVSIGN= 3
##$MAXLEV= 16
##$METHOD= 0
##$NEGBASE= -874755.1
##$NEGINCR= 1.2
##$POSBASE= 874755.1
##$POSINCR= 1.2
##END=
